$ Deuteron energy spectrum for PHITS source
$ Converted from: spectrum_mean.csv
$ Energy range: 0.4598 - 7.9798 MeV
$ Number of bins: 383
$
$ Format: e-type=22 (user-defined histogram)
$ ne = number of bins
$ followed by: E_low  E_high  relative_intensity
$
    ne = 383
    4.598473e-01  4.609803e-01  2.569396e+00
    4.609803e-01  4.621201e-01  2.636324e+00
    4.621201e-01  4.632600e-01  2.682948e+00
    4.632600e-01  4.643999e-01  2.700892e+00
    4.643999e-01  4.655398e-01  2.708979e+00
    4.655398e-01  4.666796e-01  2.709082e+00
    4.666796e-01  4.678195e-01  2.691968e+00
    4.678195e-01  4.689594e-01  2.654809e+00
    4.689594e-01  4.701037e-01  2.544545e+00
    4.701037e-01  4.712940e-01  2.441858e+00
    4.712940e-01  4.724843e-01  2.415941e+00
    4.724843e-01  4.736747e-01  2.396191e+00
    4.736747e-01  4.748650e-01  2.375157e+00
    4.748650e-01  4.760553e-01  2.355910e+00
    4.760553e-01  4.772457e-01  2.337424e+00
    4.772457e-01  4.784360e-01  2.329128e+00
    4.784360e-01  4.796263e-01  2.292748e+00
    4.796263e-01  4.808520e-01  2.240861e+00
    4.808520e-01  4.820939e-01  2.231962e+00
    4.820939e-01  4.833358e-01  2.239666e+00
    4.833358e-01  4.845777e-01  2.245742e+00
    4.845777e-01  4.858195e-01  2.252746e+00
    4.858195e-01  4.870614e-01  2.251632e+00
    4.870614e-01  4.883033e-01  2.247458e+00
    4.883033e-01  4.895452e-01  2.219834e+00
    4.895452e-01  4.908204e-01  2.172247e+00
    4.908204e-01  4.921149e-01  2.156588e+00
    4.921149e-01  4.934095e-01  2.163449e+00
    4.934095e-01  4.947040e-01  2.163423e+00
    4.947040e-01  4.959985e-01  2.174000e+00
    4.959985e-01  4.972930e-01  2.184835e+00
    4.972930e-01  4.985875e-01  2.182404e+00
    4.985875e-01  4.998820e-01  2.144972e+00
    4.998820e-01  5.012254e-01  2.105514e+00
    5.012254e-01  5.025736e-01  2.102441e+00
    5.025736e-01  5.039218e-01  2.108074e+00
    5.039218e-01  5.052700e-01  2.116586e+00
    5.052700e-01  5.066183e-01  2.118125e+00
    5.066183e-01  5.079665e-01  2.115423e+00
    5.079665e-01  5.093147e-01  2.093034e+00
    5.093147e-01  5.106899e-01  2.050777e+00
    5.106899e-01  5.120930e-01  2.032174e+00
    5.120930e-01  5.134960e-01  2.030707e+00
    5.134960e-01  5.148990e-01  2.029639e+00
    5.148990e-01  5.163021e-01  2.032397e+00
    5.163021e-01  5.177051e-01  2.031620e+00
    5.177051e-01  5.191081e-01  2.027344e+00
    5.191081e-01  5.205315e-01  1.999008e+00
    5.205315e-01  5.219905e-01  1.974387e+00
    5.219905e-01  5.234494e-01  1.973498e+00
    5.234494e-01  5.249083e-01  1.969809e+00
    5.249083e-01  5.263672e-01  1.968139e+00
    5.263672e-01  5.278262e-01  1.974059e+00
    5.278262e-01  5.292851e-01  1.959139e+00
    5.292851e-01  5.307731e-01  1.917624e+00
    5.307731e-01  5.322890e-01  1.891423e+00
    5.322890e-01  5.338049e-01  1.885323e+00
    5.338049e-01  5.353208e-01  1.879379e+00
    5.353208e-01  5.368367e-01  1.870744e+00
    5.368367e-01  5.383526e-01  1.864007e+00
    5.383526e-01  5.398685e-01  1.831282e+00
    5.398685e-01  5.414374e-01  1.797761e+00
    5.414374e-01  5.430114e-01  1.799259e+00
    5.430114e-01  5.445853e-01  1.803103e+00
    5.445853e-01  5.461593e-01  1.805682e+00
    5.461593e-01  5.477333e-01  1.811452e+00
    5.477333e-01  5.493072e-01  1.796099e+00
    5.493072e-01  5.509143e-01  1.765416e+00
    5.509143e-01  5.525474e-01  1.757307e+00
    5.525474e-01  5.541805e-01  1.768088e+00
    5.541805e-01  5.558136e-01  1.778870e+00
    5.558136e-01  5.574468e-01  1.788097e+00
    5.574468e-01  5.590799e-01  1.783119e+00
    5.590799e-01  5.607393e-01  1.758706e+00
    5.607393e-01  5.624326e-01  1.743781e+00
    5.624326e-01  5.641260e-01  1.746194e+00
    5.641260e-01  5.658193e-01  1.756757e+00
    5.658193e-01  5.675127e-01  1.763817e+00
    5.675127e-01  5.692060e-01  1.747376e+00
    5.692060e-01  5.709319e-01  1.720330e+00
    5.709319e-01  5.726866e-01  1.711573e+00
    5.726866e-01  5.744412e-01  1.715851e+00
    5.744412e-01  5.761959e-01  1.716353e+00
    5.761959e-01  5.779506e-01  1.709230e+00
    5.779506e-01  5.797052e-01  1.677638e+00
    5.797052e-01  5.815118e-01  1.649092e+00
    5.815118e-01  5.833289e-01  1.643643e+00
    5.833289e-01  5.851460e-01  1.641253e+00
    5.851460e-01  5.869630e-01  1.637303e+00
    5.869630e-01  5.887801e-01  1.626935e+00
    5.887801e-01  5.906180e-01  1.600395e+00
    5.906180e-01  5.924986e-01  1.583190e+00
    5.924986e-01  5.943792e-01  1.582040e+00
    5.943792e-01  5.962597e-01  1.577795e+00
    5.962597e-01  5.981403e-01  1.578112e+00
    5.981403e-01  6.000216e-01  1.555428e+00
    6.000216e-01  6.019667e-01  1.534328e+00
    6.019667e-01  6.039118e-01  1.536329e+00
    6.039118e-01  6.058570e-01  1.533681e+00
    6.058570e-01  6.078021e-01  1.534615e+00
    6.078021e-01  6.097472e-01  1.519624e+00
    6.097472e-01  6.117495e-01  1.498106e+00
    6.117495e-01  6.137603e-01  1.494549e+00
    6.137603e-01  6.157711e-01  1.490849e+00
    6.157711e-01  6.177819e-01  1.486081e+00
    6.177819e-01  6.197927e-01  1.468724e+00
    6.197927e-01  6.218634e-01  1.451162e+00
    6.218634e-01  6.239409e-01  1.449808e+00
    6.239409e-01  6.260185e-01  1.449557e+00
    6.260185e-01  6.280960e-01  1.447996e+00
    6.280960e-01  6.301792e-01  1.422149e+00
    6.301792e-01  6.323246e-01  1.395082e+00
    6.323246e-01  6.344700e-01  1.394515e+00
    6.344700e-01  6.366154e-01  1.398045e+00
    6.366154e-01  6.387608e-01  1.390400e+00
    6.387608e-01  6.409353e-01  1.361346e+00
    6.409353e-01  6.431496e-01  1.338610e+00
    6.431496e-01  6.453639e-01  1.336628e+00
    6.453639e-01  6.475782e-01  1.337832e+00
    6.475782e-01  6.497925e-01  1.319493e+00
    6.497925e-01  6.520702e-01  1.295835e+00
    6.520702e-01  6.543545e-01  1.288231e+00
    6.543545e-01  6.566388e-01  1.286146e+00
    6.566388e-01  6.589232e-01  1.275639e+00
    6.589232e-01  6.612450e-01  1.258320e+00
    6.612450e-01  6.636004e-01  1.250013e+00
    6.636004e-01  6.659558e-01  1.249835e+00
    6.659558e-01  6.683112e-01  1.250033e+00
    6.683112e-01  6.706871e-01  1.233897e+00
    6.706871e-01  6.731147e-01  1.217743e+00
    6.731147e-01  6.755422e-01  1.216670e+00
    6.755422e-01  6.779698e-01  1.216312e+00
    6.779698e-01  6.804094e-01  1.197533e+00
    6.804094e-01  6.829102e-01  1.177641e+00
    6.829102e-01  6.854111e-01  1.180752e+00
    6.854111e-01  6.879119e-01  1.190767e+00
    6.879119e-01  6.904250e-01  1.185047e+00
    6.904250e-01  6.930002e-01  1.177480e+00
    6.930002e-01  6.955754e-01  1.191764e+00
    6.955754e-01  6.981506e-01  1.208084e+00
    6.981506e-01  7.007470e-01  1.212275e+00
    7.007470e-01  7.033977e-01  1.216779e+00
    7.033977e-01  7.060483e-01  1.224715e+00
    7.060483e-01  7.086989e-01  1.212876e+00
    7.086989e-01  7.113885e-01  1.175828e+00
    7.113885e-01  7.141157e-01  1.135882e+00
    7.141157e-01  7.168428e-01  1.116772e+00
    7.168428e-01  7.195700e-01  1.102497e+00
    7.195700e-01  7.223625e-01  1.088277e+00
    7.223625e-01  7.251672e-01  1.083205e+00
    7.251672e-01  7.279720e-01  1.077933e+00
    7.279720e-01  7.307985e-01  1.065487e+00
    7.307985e-01  7.336820e-01  1.052896e+00
    7.336820e-01  7.365654e-01  1.053460e+00
    7.365654e-01  7.394489e-01  1.045926e+00
    7.394489e-01  7.423968e-01  1.030138e+00
    7.423968e-01  7.453601e-01  1.021802e+00
    7.453601e-01  7.483233e-01  1.013349e+00
    7.483233e-01  7.513216e-01  1.002617e+00
    7.513216e-01  7.543657e-01  9.964785e-01
    7.543657e-01  7.574098e-01  9.950506e-01
    7.574098e-01  7.604661e-01  9.841040e-01
    7.604661e-01  7.635922e-01  9.768441e-01
    7.635922e-01  7.667182e-01  9.760930e-01
    7.667182e-01  7.698442e-01  9.567775e-01
    7.698442e-01  7.730492e-01  9.425045e-01
    7.730492e-01  7.762583e-01  9.426818e-01
    7.762583e-01  7.794673e-01  9.320184e-01
    7.794673e-01  7.827466e-01  9.189858e-01
    7.827466e-01  7.860398e-01  9.183573e-01
    7.860398e-01  7.893330e-01  9.085798e-01
    7.893330e-01  7.926941e-01  8.905205e-01
    7.926941e-01  7.960725e-01  8.860934e-01
    7.960725e-01  7.994509e-01  8.751618e-01
    7.994509e-01  8.029016e-01  8.606244e-01
    8.029016e-01  8.063663e-01  8.559575e-01
    8.063663e-01  8.098310e-01  8.431851e-01
    8.098310e-01  8.133788e-01  8.332506e-01
    8.133788e-01  8.169309e-01  8.331800e-01
    8.169309e-01  8.204950e-01  8.194837e-01
    8.204950e-01  8.241355e-01  8.067366e-01
    8.241355e-01  8.277761e-01  8.044515e-01
    8.277761e-01  8.314515e-01  7.988317e-01
    8.314515e-01  8.351816e-01  7.932188e-01
    8.351816e-01  8.389116e-01  7.824950e-01
    8.389116e-01  8.427059e-01  7.694068e-01
    8.427059e-01  8.465267e-01  7.620577e-01
    8.465267e-01  8.503557e-01  7.502723e-01
    8.503557e-01  8.542682e-01  7.396454e-01
    8.542682e-01  8.581806e-01  7.343192e-01
    8.581806e-01  8.621427e-01  7.269541e-01
    8.621427e-01  8.661480e-01  7.221198e-01
    8.661480e-01  8.701569e-01  7.109592e-01
    8.701569e-01  8.742560e-01  6.981314e-01
    8.742560e-01  8.783552e-01  6.892956e-01
    8.783552e-01  8.825112e-01  6.817490e-01
    8.825112e-01  8.867053e-01  6.784479e-01
    8.867053e-01  8.909201e-01  6.688650e-01
    8.909201e-01  8.952103e-01  6.598694e-01
    8.952103e-01  8.995005e-01  6.556214e-01
    8.995005e-01  9.038765e-01  6.523181e-01
    9.038765e-01  9.082639e-01  6.481704e-01
    9.082639e-01  9.127106e-01  6.430494e-01
    9.127106e-01  9.171962e-01  6.382149e-01
    9.171962e-01  9.217190e-01  6.290353e-01
    9.217190e-01  9.263039e-01  6.232855e-01
    9.263039e-01  9.309083e-01  6.246235e-01
    9.309083e-01  9.355936e-01  6.203746e-01
    9.355936e-01  9.402850e-01  6.083574e-01
    9.402850e-01  9.450718e-01  6.042269e-01
    9.450718e-01  9.498586e-01  6.017074e-01
    9.498586e-01  9.547450e-01  5.951634e-01
    9.547450e-01  9.596344e-01  5.844962e-01
    9.596344e-01  9.646197e-01  5.728736e-01
    9.646197e-01  9.696128e-01  5.644303e-01
    9.696128e-01  9.747025e-01  5.612050e-01
    9.747025e-01  9.798003e-01  5.568956e-01
    9.798003e-01  9.849998e-01  5.471953e-01
    9.849998e-01  9.902076e-01  5.370890e-01
    9.902076e-01  9.955182e-01  5.286229e-01
    9.955182e-01  1.000846e+00  5.240606e-01
    1.000846e+00  1.006264e+00  5.194108e-01
    1.006264e+00  1.011717e+00  5.127188e-01
    1.011717e+00  1.017244e+00  5.058497e-01
    1.017244e+00  1.022827e+00  5.036552e-01
    1.022827e+00  1.028465e+00  4.984581e-01
    1.028465e+00  1.034184e+00  4.925960e-01
    1.034184e+00  1.039933e+00  4.874416e-01
    1.039933e+00  1.045793e+00  4.817149e-01
    1.045793e+00  1.051687e+00  4.779155e-01
    1.051687e+00  1.057662e+00  4.728708e-01
    1.057662e+00  1.063706e+00  4.675409e-01
    1.063706e+00  1.069796e+00  4.610081e-01
    1.069796e+00  1.075997e+00  4.593574e-01
    1.075997e+00  1.082244e+00  4.607235e-01
    1.082244e+00  1.088565e+00  4.569907e-01
    1.088565e+00  1.094978e+00  4.509655e-01
    1.094978e+00  1.101444e+00  4.436660e-01
    1.101444e+00  1.108002e+00  4.372398e-01
    1.108002e+00  1.114644e+00  4.326237e-01
    1.114644e+00  1.121346e+00  4.290961e-01
    1.121346e+00  1.128146e+00  4.253402e-01
    1.128146e+00  1.135034e+00  4.226059e-01
    1.135034e+00  1.141990e+00  4.207484e-01
    1.141990e+00  1.149035e+00  4.173868e-01
    1.149035e+00  1.156187e+00  4.133245e-01
    1.156187e+00  1.163415e+00  4.093430e-01
    1.163415e+00  1.170722e+00  4.043885e-01
    1.170722e+00  1.178143e+00  3.994894e-01
    1.178143e+00  1.185659e+00  3.940387e-01
    1.185659e+00  1.193262e+00  3.869546e-01
    1.193262e+00  1.200955e+00  3.825968e-01
    1.200955e+00  1.208762e+00  3.779226e-01
    1.208762e+00  1.216679e+00  3.720264e-01
    1.216679e+00  1.224693e+00  3.677509e-01
    1.224693e+00  1.232808e+00  3.628206e-01
    1.232808e+00  1.241027e+00  3.582315e-01
    1.241027e+00  1.249364e+00  3.546722e-01
    1.249364e+00  1.257825e+00  3.504119e-01
    1.257825e+00  1.266398e+00  3.457380e-01
    1.266398e+00  1.275086e+00  3.413696e-01
    1.275086e+00  1.283892e+00  3.370475e-01
    1.283892e+00  1.292819e+00  3.325520e-01
    1.292819e+00  1.301871e+00  3.286614e-01
    1.301871e+00  1.311051e+00  3.228904e-01
    1.311051e+00  1.320362e+00  3.152121e-01
    1.320362e+00  1.329810e+00  3.070531e-01
    1.329810e+00  1.339399e+00  2.958923e-01
    1.339399e+00  1.349127e+00  2.836568e-01
    1.349127e+00  1.358997e+00  2.731065e-01
    1.358997e+00  1.369012e+00  2.679609e-01
    1.369012e+00  1.379176e+00  2.684668e-01
    1.379176e+00  1.389492e+00  2.703754e-01
    1.389492e+00  1.399962e+00  2.732816e-01
    1.399962e+00  1.410600e+00  2.759575e-01
    1.410600e+00  1.421401e+00  2.756279e-01
    1.421401e+00  1.432370e+00  2.729316e-01
    1.432370e+00  1.443508e+00  2.686177e-01
    1.443508e+00  1.454821e+00  2.643652e-01
    1.454821e+00  1.466310e+00  2.614099e-01
    1.466310e+00  1.477979e+00  2.584047e-01
    1.477979e+00  1.489831e+00  2.570598e-01
    1.489831e+00  1.501895e+00  2.588282e-01
    1.501895e+00  1.514154e+00  2.620696e-01
    1.514154e+00  1.526608e+00  2.643620e-01
    1.526608e+00  1.539260e+00  2.619462e-01
    1.539260e+00  1.552141e+00  2.533538e-01
    1.552141e+00  1.565239e+00  2.433850e-01
    1.565239e+00  1.578548e+00  2.351725e-01
    1.578548e+00  1.592097e+00  2.286591e-01
    1.592097e+00  1.605883e+00  2.236411e-01
    1.605883e+00  1.619892e+00  2.190617e-01
    1.619892e+00  1.634178e+00  2.147790e-01
    1.634178e+00  1.648696e+00  2.103220e-01
    1.648696e+00  1.663490e+00  2.064202e-01
    1.663490e+00  1.678540e+00  2.034737e-01
    1.678540e+00  1.693879e+00  2.007789e-01
    1.693879e+00  1.709484e+00  1.980464e-01
    1.709484e+00  1.725403e+00  1.952174e-01
    1.725403e+00  1.741604e+00  1.919376e-01
    1.741604e+00  1.758121e+00  1.874694e-01
    1.758121e+00  1.774960e+00  1.835689e-01
    1.774960e+00  1.792115e+00  1.807693e-01
    1.792115e+00  1.809604e+00  1.774905e-01
    1.809604e+00  1.827455e+00  1.729691e-01
    1.827455e+00  1.845657e+00  1.681621e-01
    1.845657e+00  1.864223e+00  1.639799e-01
    1.864223e+00  1.883166e+00  1.603835e-01
    1.883166e+00  1.902500e+00  1.563980e-01
    1.902500e+00  1.922237e+00  1.523627e-01
    1.922237e+00  1.942390e+00  1.488831e-01
    1.942390e+00  1.962972e+00  1.456413e-01
    1.962972e+00  1.983997e+00  1.426790e-01
    1.983997e+00  2.005478e+00  1.389240e-01
    2.005478e+00  2.027426e+00  1.353097e-01
    2.027426e+00  2.049856e+00  1.321585e-01
    2.049856e+00  2.072808e+00  1.279160e-01
    2.072808e+00  2.096273e+00  1.232569e-01
    2.096273e+00  2.120266e+00  1.198418e-01
    2.120266e+00  2.144836e+00  1.168715e-01
    2.144836e+00  2.169962e+00  1.131107e-01
    2.169962e+00  2.195708e+00  1.088977e-01
    2.195708e+00  2.222059e+00  1.045797e-01
    2.222059e+00  2.249053e+00  9.983374e-02
    2.249053e+00  2.276721e+00  9.486617e-02
    2.276721e+00  2.305076e+00  9.010419e-02
    2.305076e+00  2.334146e+00  8.560703e-02
    2.334146e+00  2.363960e+00  8.097950e-02
    2.363960e+00  2.394549e+00  7.627968e-02
    2.394549e+00  2.425941e+00  7.216136e-02
    2.425941e+00  2.458166e+00  6.751653e-02
    2.458166e+00  2.491263e+00  6.254936e-02
    2.491263e+00  2.525272e+00  5.834591e-02
    2.525272e+00  2.560211e+00  5.446446e-02
    2.560211e+00  2.596150e+00  5.083269e-02
    2.596150e+00  2.633105e+00  4.765246e-02
    2.633105e+00  2.671126e+00  4.454651e-02
    2.671126e+00  2.710266e+00  4.141966e-02
    2.710266e+00  2.750576e+00  3.813767e-02
    2.750576e+00  2.792109e+00  3.510038e-02
    2.792109e+00  2.834917e+00  3.242716e-02
    2.834917e+00  2.879052e+00  2.977306e-02
    2.879052e+00  2.924597e+00  2.728033e-02
    2.924597e+00  2.971600e+00  2.459556e-02
    2.971600e+00  3.020142e+00  2.215152e-02
    3.020142e+00  3.070304e+00  2.007430e-02
    3.070304e+00  3.122167e+00  1.813238e-02
    3.122167e+00  3.175813e+00  1.643803e-02
    3.175813e+00  3.231333e+00  1.466777e-02
    3.231333e+00  3.288835e+00  1.305868e-02
    3.288835e+00  3.348426e+00  1.167027e-02
    3.348426e+00  3.410217e+00  1.019304e-02
    3.410217e+00  3.474344e+00  8.935268e-03
    3.474344e+00  3.540922e+00  8.033236e-03
    3.540922e+00  3.610109e+00  7.194169e-03
    3.610109e+00  3.682065e+00  6.313175e-03
    3.682065e+00  3.756948e+00  5.415741e-03
    3.756948e+00  3.834946e+00  4.719352e-03
    3.834946e+00  3.916253e+00  3.975532e-03
    3.916253e+00  4.001086e+00  3.215363e-03
    4.001086e+00  4.089683e+00  2.633117e-03
    4.089683e+00  4.182304e+00  2.009003e-03
    4.182304e+00  4.279216e+00  1.454232e-03
    4.279216e+00  4.380736e+00  1.085688e-03
    4.380736e+00  4.487199e+00  8.117839e-04
    4.487199e+00  4.598967e+00  5.934083e-04
    4.598967e+00  4.716457e+00  4.257844e-04
    4.716457e+00  4.840108e+00  3.060758e-04
    4.840108e+00  4.970431e+00  2.428427e-04
    4.970431e+00  5.107977e+00  1.952545e-04
    5.107977e+00  5.253359e+00  1.397083e-04
    5.253359e+00  5.407267e+00  9.691851e-05
    5.407267e+00  5.570472e+00  8.304119e-05
    5.570472e+00  5.743854e+00  8.436132e-05
    5.743854e+00  5.928381e+00  7.305048e-05
    5.928381e+00  6.125174e+00  5.851217e-05
    6.125174e+00  6.335491e+00  5.514974e-05
    6.335491e+00  6.560776e+00  5.021063e-05
    6.560776e+00  6.802694e+00  4.387176e-05
    6.802694e+00  7.063149e+00  3.585391e-05
    7.063149e+00  7.344360e+00  3.131921e-05
    7.344360e+00  7.648908e+00  2.941996e-05
    7.648908e+00  7.979827e+00  1.508421e-05
