$ Deuteron energy spectrum for PHITS source
$ Converted from: spectrum_lower.csv
$ Energy range: 0.4598 - 7.9798 MeV
$ Number of bins: 383
$
$ Format: e-type=22 (user-defined histogram)
$ ne = number of bins
$ followed by: E_low  E_high  relative_intensity
$
    ne = 383
    4.598473e-01  4.609803e-01  3.454098e+00
    4.609803e-01  4.621201e-01  3.554880e+00
    4.621201e-01  4.632600e-01  3.621674e+00
    4.632600e-01  4.643999e-01  3.635348e+00
    4.643999e-01  4.655398e-01  3.645675e+00
    4.655398e-01  4.666796e-01  3.649375e+00
    4.666796e-01  4.678195e-01  3.618803e+00
    4.678195e-01  4.689594e-01  3.568396e+00
    4.689594e-01  4.701037e-01  3.409919e+00
    4.701037e-01  4.712940e-01  3.248350e+00
    4.712940e-01  4.724843e-01  3.207480e+00
    4.724843e-01  4.736747e-01  3.193790e+00
    4.736747e-01  4.748650e-01  3.180462e+00
    4.748650e-01  4.760553e-01  3.148046e+00
    4.760553e-01  4.772457e-01  3.096507e+00
    4.772457e-01  4.784360e-01  3.067588e+00
    4.784360e-01  4.796263e-01  3.023499e+00
    4.796263e-01  4.808520e-01  2.965263e+00
    4.808520e-01  4.820939e-01  2.956346e+00
    4.820939e-01  4.833358e-01  2.967076e+00
    4.833358e-01  4.845777e-01  2.970883e+00
    4.845777e-01  4.858195e-01  2.971767e+00
    4.858195e-01  4.870614e-01  2.961668e+00
    4.870614e-01  4.883033e-01  2.945315e+00
    4.883033e-01  4.895452e-01  2.899048e+00
    4.895452e-01  4.908204e-01  2.819907e+00
    4.908204e-01  4.921149e-01  2.776685e+00
    4.921149e-01  4.934095e-01  2.772362e+00
    4.934095e-01  4.947040e-01  2.757796e+00
    4.947040e-01  4.959985e-01  2.763662e+00
    4.959985e-01  4.972930e-01  2.783047e+00
    4.972930e-01  4.985875e-01  2.785353e+00
    4.985875e-01  4.998820e-01  2.741068e+00
    4.998820e-01  5.012254e-01  2.688226e+00
    5.012254e-01  5.025736e-01  2.671657e+00
    5.025736e-01  5.039218e-01  2.667649e+00
    5.039218e-01  5.052700e-01  2.675385e+00
    5.052700e-01  5.066183e-01  2.673171e+00
    5.066183e-01  5.079665e-01  2.667488e+00
    5.079665e-01  5.093147e-01  2.637906e+00
    5.093147e-01  5.106899e-01  2.582114e+00
    5.106899e-01  5.120930e-01  2.558129e+00
    5.120930e-01  5.134960e-01  2.553613e+00
    5.134960e-01  5.148990e-01  2.538807e+00
    5.148990e-01  5.163021e-01  2.527306e+00
    5.163021e-01  5.177051e-01  2.528545e+00
    5.177051e-01  5.191081e-01  2.530601e+00
    5.191081e-01  5.205315e-01  2.491327e+00
    5.205315e-01  5.219905e-01  2.446859e+00
    5.219905e-01  5.234494e-01  2.430327e+00
    5.234494e-01  5.249083e-01  2.414366e+00
    5.249083e-01  5.263672e-01  2.402438e+00
    5.263672e-01  5.278262e-01  2.405326e+00
    5.278262e-01  5.292851e-01  2.387382e+00
    5.292851e-01  5.307731e-01  2.340713e+00
    5.307731e-01  5.322890e-01  2.317142e+00
    5.322890e-01  5.338049e-01  2.315552e+00
    5.338049e-01  5.353208e-01  2.298504e+00
    5.353208e-01  5.368367e-01  2.277232e+00
    5.368367e-01  5.383526e-01  2.271672e+00
    5.383526e-01  5.398685e-01  2.228163e+00
    5.398685e-01  5.414374e-01  2.168228e+00
    5.414374e-01  5.430114e-01  2.154411e+00
    5.430114e-01  5.445853e-01  2.153637e+00
    5.445853e-01  5.461593e-01  2.155603e+00
    5.461593e-01  5.477333e-01  2.162547e+00
    5.477333e-01  5.493072e-01  2.138385e+00
    5.493072e-01  5.509143e-01  2.098175e+00
    5.509143e-01  5.525474e-01  2.091496e+00
    5.525474e-01  5.541805e-01  2.105655e+00
    5.541805e-01  5.558136e-01  2.113792e+00
    5.558136e-01  5.574468e-01  2.126363e+00
    5.574468e-01  5.590799e-01  2.131205e+00
    5.590799e-01  5.607393e-01  2.106453e+00
    5.607393e-01  5.624326e-01  2.086815e+00
    5.624326e-01  5.641260e-01  2.088336e+00
    5.641260e-01  5.658193e-01  2.100358e+00
    5.658193e-01  5.675127e-01  2.105610e+00
    5.675127e-01  5.692060e-01  2.078762e+00
    5.692060e-01  5.709319e-01  2.036469e+00
    5.709319e-01  5.726866e-01  2.023260e+00
    5.726866e-01  5.744412e-01  2.033094e+00
    5.744412e-01  5.761959e-01  2.028014e+00
    5.761959e-01  5.779506e-01  2.002953e+00
    5.779506e-01  5.797052e-01  1.952514e+00
    5.797052e-01  5.815118e-01  1.911618e+00
    5.815118e-01  5.833289e-01  1.904166e+00
    5.833289e-01  5.851460e-01  1.908461e+00
    5.851460e-01  5.869630e-01  1.915841e+00
    5.869630e-01  5.887801e-01  1.912705e+00
    5.887801e-01  5.906180e-01  1.879513e+00
    5.906180e-01  5.924986e-01  1.859478e+00
    5.924986e-01  5.943792e-01  1.855932e+00
    5.943792e-01  5.962597e-01  1.842575e+00
    5.962597e-01  5.981403e-01  1.838053e+00
    5.981403e-01  6.000216e-01  1.811665e+00
    6.000216e-01  6.019667e-01  1.790476e+00
    6.019667e-01  6.039118e-01  1.795671e+00
    6.039118e-01  6.058570e-01  1.793929e+00
    6.058570e-01  6.078021e-01  1.793436e+00
    6.078021e-01  6.097472e-01  1.772570e+00
    6.097472e-01  6.117495e-01  1.740222e+00
    6.117495e-01  6.137603e-01  1.724081e+00
    6.137603e-01  6.157711e-01  1.708202e+00
    6.157711e-01  6.177819e-01  1.697170e+00
    6.177819e-01  6.197927e-01  1.671281e+00
    6.197927e-01  6.218634e-01  1.644660e+00
    6.218634e-01  6.239409e-01  1.643260e+00
    6.239409e-01  6.260185e-01  1.652376e+00
    6.260185e-01  6.280960e-01  1.653278e+00
    6.280960e-01  6.301792e-01  1.607018e+00
    6.301792e-01  6.323246e-01  1.560274e+00
    6.323246e-01  6.344700e-01  1.553149e+00
    6.344700e-01  6.366154e-01  1.556309e+00
    6.366154e-01  6.387608e-01  1.552397e+00
    6.387608e-01  6.409353e-01  1.520897e+00
    6.409353e-01  6.431496e-01  1.490680e+00
    6.431496e-01  6.453639e-01  1.489721e+00
    6.453639e-01  6.475782e-01  1.499516e+00
    6.475782e-01  6.497925e-01  1.478913e+00
    6.497925e-01  6.520702e-01  1.442701e+00
    6.520702e-01  6.543545e-01  1.428122e+00
    6.543545e-01  6.566388e-01  1.419819e+00
    6.566388e-01  6.589232e-01  1.398057e+00
    6.589232e-01  6.612450e-01  1.369829e+00
    6.612450e-01  6.636004e-01  1.357330e+00
    6.636004e-01  6.659558e-01  1.360388e+00
    6.659558e-01  6.683112e-01  1.368757e+00
    6.683112e-01  6.706871e-01  1.355476e+00
    6.706871e-01  6.731147e-01  1.332353e+00
    6.731147e-01  6.755422e-01  1.326163e+00
    6.755422e-01  6.779698e-01  1.327929e+00
    6.779698e-01  6.804094e-01  1.309252e+00
    6.804094e-01  6.829102e-01  1.282661e+00
    6.829102e-01  6.854111e-01  1.279934e+00
    6.854111e-01  6.879119e-01  1.286122e+00
    6.879119e-01  6.904250e-01  1.272696e+00
    6.904250e-01  6.930002e-01  1.254478e+00
    6.930002e-01  6.955754e-01  1.260161e+00
    6.955754e-01  6.981506e-01  1.263551e+00
    6.981506e-01  7.007470e-01  1.256370e+00
    7.007470e-01  7.033977e-01  1.257231e+00
    7.033977e-01  7.060483e-01  1.259328e+00
    7.060483e-01  7.086989e-01  1.238466e+00
    7.086989e-01  7.113885e-01  1.198189e+00
    7.113885e-01  7.141157e-01  1.155936e+00
    7.141157e-01  7.168428e-01  1.131906e+00
    7.168428e-01  7.195700e-01  1.114990e+00
    7.195700e-01  7.223625e-01  1.096647e+00
    7.223625e-01  7.251672e-01  1.086859e+00
    7.251672e-01  7.279720e-01  1.079204e+00
    7.279720e-01  7.307985e-01  1.063861e+00
    7.307985e-01  7.336820e-01  1.042607e+00
    7.336820e-01  7.365654e-01  1.033965e+00
    7.365654e-01  7.394489e-01  1.022181e+00
    7.394489e-01  7.423968e-01  1.006616e+00
    7.423968e-01  7.453601e-01  9.996890e-01
    7.453601e-01  7.483233e-01  9.885755e-01
    7.483233e-01  7.513216e-01  9.741046e-01
    7.513216e-01  7.543657e-01  9.663673e-01
    7.543657e-01  7.574098e-01  9.650214e-01
    7.574098e-01  7.604661e-01  9.538833e-01
    7.604661e-01  7.635922e-01  9.370231e-01
    7.635922e-01  7.667182e-01  9.196560e-01
    7.667182e-01  7.698442e-01  8.906212e-01
    7.698442e-01  7.730492e-01  8.713909e-01
    7.730492e-01  7.762583e-01  8.708898e-01
    7.762583e-01  7.794673e-01  8.639885e-01
    7.794673e-01  7.827466e-01  8.506617e-01
    7.827466e-01  7.860398e-01  8.459690e-01
    7.860398e-01  7.893330e-01  8.347792e-01
    7.893330e-01  7.926941e-01  8.216297e-01
    7.926941e-01  7.960725e-01  8.237081e-01
    7.960725e-01  7.994509e-01  8.171969e-01
    7.994509e-01  8.029016e-01  8.019579e-01
    8.029016e-01  8.063663e-01  7.953637e-01
    8.063663e-01  8.098310e-01  7.834688e-01
    8.098310e-01  8.133788e-01  7.686028e-01
    8.133788e-01  8.169309e-01  7.611432e-01
    8.169309e-01  8.204950e-01  7.443417e-01
    8.204950e-01  8.241355e-01  7.290354e-01
    8.241355e-01  8.277761e-01  7.244720e-01
    8.277761e-01  8.314515e-01  7.182943e-01
    8.314515e-01  8.351816e-01  7.110986e-01
    8.351816e-01  8.389116e-01  6.988271e-01
    8.389116e-01  8.427059e-01  6.845437e-01
    8.427059e-01  8.465267e-01  6.725332e-01
    8.465267e-01  8.503557e-01  6.590902e-01
    8.503557e-01  8.542682e-01  6.506127e-01
    8.542682e-01  8.581806e-01  6.463975e-01
    8.581806e-01  8.621427e-01  6.404219e-01
    8.621427e-01  8.661480e-01  6.357233e-01
    8.661480e-01  8.701569e-01  6.251569e-01
    8.701569e-01  8.742560e-01  6.158480e-01
    8.742560e-01  8.783552e-01  6.124319e-01
    8.783552e-01  8.825112e-01  6.102361e-01
    8.825112e-01  8.867053e-01  6.110145e-01
    8.867053e-01  8.909201e-01  6.039087e-01
    8.909201e-01  8.952103e-01  5.957913e-01
    8.952103e-01  8.995005e-01  5.937826e-01
    8.995005e-01  9.038765e-01  5.906418e-01
    9.038765e-01  9.082639e-01  5.835739e-01
    9.082639e-01  9.127106e-01  5.726860e-01
    9.127106e-01  9.171962e-01  5.635407e-01
    9.171962e-01  9.217190e-01  5.588411e-01
    9.217190e-01  9.263039e-01  5.586121e-01
    9.263039e-01  9.309083e-01  5.633797e-01
    9.309083e-01  9.355936e-01  5.570918e-01
    9.355936e-01  9.402850e-01  5.437499e-01
    9.402850e-01  9.450718e-01  5.422574e-01
    9.450718e-01  9.498586e-01  5.415781e-01
    9.498586e-01  9.547450e-01  5.383159e-01
    9.547450e-01  9.596344e-01  5.306023e-01
    9.596344e-01  9.646197e-01  5.191656e-01
    9.646197e-01  9.696128e-01  5.111294e-01
    9.696128e-01  9.747025e-01  5.103301e-01
    9.747025e-01  9.798003e-01  5.052704e-01
    9.798003e-01  9.849998e-01  4.941689e-01
    9.849998e-01  9.902076e-01  4.806735e-01
    9.902076e-01  9.955182e-01  4.666678e-01
    9.955182e-01  1.000846e+00  4.657611e-01
    1.000846e+00  1.006264e+00  4.715453e-01
    1.006264e+00  1.011717e+00  4.700951e-01
    1.011717e+00  1.017244e+00  4.627520e-01
    1.017244e+00  1.022827e+00  4.558655e-01
    1.022827e+00  1.028465e+00  4.453983e-01
    1.028465e+00  1.034184e+00  4.408679e-01
    1.034184e+00  1.039933e+00  4.432894e-01
    1.039933e+00  1.045793e+00  4.416167e-01
    1.045793e+00  1.051687e+00  4.361731e-01
    1.051687e+00  1.057662e+00  4.282008e-01
    1.057662e+00  1.063706e+00  4.185626e-01
    1.063706e+00  1.069796e+00  4.099781e-01
    1.069796e+00  1.075997e+00  4.078100e-01
    1.075997e+00  1.082244e+00  4.074614e-01
    1.082244e+00  1.088565e+00  4.056012e-01
    1.088565e+00  1.094978e+00  4.057162e-01
    1.094978e+00  1.101444e+00  4.014767e-01
    1.101444e+00  1.108002e+00  3.943549e-01
    1.108002e+00  1.114644e+00  3.886873e-01
    1.114644e+00  1.121346e+00  3.845565e-01
    1.121346e+00  1.128146e+00  3.812785e-01
    1.128146e+00  1.135034e+00  3.794468e-01
    1.135034e+00  1.141990e+00  3.796102e-01
    1.141990e+00  1.149035e+00  3.775126e-01
    1.149035e+00  1.156187e+00  3.740537e-01
    1.156187e+00  1.163415e+00  3.723484e-01
    1.163415e+00  1.170722e+00  3.685832e-01
    1.170722e+00  1.178143e+00  3.620414e-01
    1.178143e+00  1.185659e+00  3.542746e-01
    1.185659e+00  1.193262e+00  3.462079e-01
    1.193262e+00  1.200955e+00  3.413291e-01
    1.200955e+00  1.208762e+00  3.354576e-01
    1.208762e+00  1.216679e+00  3.281033e-01
    1.216679e+00  1.224693e+00  3.217606e-01
    1.224693e+00  1.232808e+00  3.150533e-01
    1.232808e+00  1.241027e+00  3.110941e-01
    1.241027e+00  1.249364e+00  3.100840e-01
    1.249364e+00  1.257825e+00  3.052068e-01
    1.257825e+00  1.266398e+00  2.976040e-01
    1.266398e+00  1.275086e+00  2.934398e-01
    1.275086e+00  1.283892e+00  2.902218e-01
    1.283892e+00  1.292819e+00  2.843103e-01
    1.292819e+00  1.301871e+00  2.780325e-01
    1.301871e+00  1.311051e+00  2.725789e-01
    1.311051e+00  1.320362e+00  2.659544e-01
    1.320362e+00  1.329810e+00  2.557731e-01
    1.329810e+00  1.339399e+00  2.435546e-01
    1.339399e+00  1.349127e+00  2.316928e-01
    1.349127e+00  1.358997e+00  2.217072e-01
    1.358997e+00  1.369012e+00  2.179369e-01
    1.369012e+00  1.379176e+00  2.184467e-01
    1.379176e+00  1.389492e+00  2.203312e-01
    1.389492e+00  1.399962e+00  2.232864e-01
    1.399962e+00  1.410600e+00  2.252951e-01
    1.410600e+00  1.421401e+00  2.257529e-01
    1.421401e+00  1.432370e+00  2.251605e-01
    1.432370e+00  1.443508e+00  2.215378e-01
    1.443508e+00  1.454821e+00  2.167107e-01
    1.454821e+00  1.466310e+00  2.139550e-01
    1.466310e+00  1.477979e+00  2.122976e-01
    1.477979e+00  1.489831e+00  2.133354e-01
    1.489831e+00  1.501895e+00  2.166522e-01
    1.501895e+00  1.514154e+00  2.180725e-01
    1.514154e+00  1.526608e+00  2.182541e-01
    1.526608e+00  1.539260e+00  2.165536e-01
    1.539260e+00  1.552141e+00  2.094185e-01
    1.552141e+00  1.565239e+00  2.003291e-01
    1.565239e+00  1.578548e+00  1.931706e-01
    1.578548e+00  1.592097e+00  1.884046e-01
    1.592097e+00  1.605883e+00  1.849213e-01
    1.605883e+00  1.619892e+00  1.801735e-01
    1.619892e+00  1.634178e+00  1.757131e-01
    1.634178e+00  1.648696e+00  1.729495e-01
    1.648696e+00  1.663490e+00  1.703438e-01
    1.663490e+00  1.678540e+00  1.679379e-01
    1.678540e+00  1.693879e+00  1.678402e-01
    1.693879e+00  1.709484e+00  1.667506e-01
    1.709484e+00  1.725403e+00  1.626858e-01
    1.725403e+00  1.741604e+00  1.579170e-01
    1.741604e+00  1.758121e+00  1.521787e-01
    1.758121e+00  1.774960e+00  1.473416e-01
    1.774960e+00  1.792115e+00  1.446064e-01
    1.792115e+00  1.809604e+00  1.418324e-01
    1.809604e+00  1.827455e+00  1.389547e-01
    1.827455e+00  1.845657e+00  1.361907e-01
    1.845657e+00  1.864223e+00  1.325498e-01
    1.864223e+00  1.883166e+00  1.291303e-01
    1.883166e+00  1.902500e+00  1.257928e-01
    1.902500e+00  1.922237e+00  1.232571e-01
    1.922237e+00  1.942390e+00  1.218998e-01
    1.942390e+00  1.962972e+00  1.199895e-01
    1.962972e+00  1.983997e+00  1.170915e-01
    1.983997e+00  2.005478e+00  1.129786e-01
    2.005478e+00  2.027426e+00  1.106650e-01
    2.027426e+00  2.049856e+00  1.101439e-01
    2.049856e+00  2.072808e+00  1.065605e-01
    2.072808e+00  2.096273e+00  1.013435e-01
    2.096273e+00  2.120266e+00  9.880738e-02
    2.120266e+00  2.144836e+00  9.687566e-02
    2.144836e+00  2.169962e+00  9.325520e-02
    2.169962e+00  2.195708e+00  8.922555e-02
    2.195708e+00  2.222059e+00  8.459825e-02
    2.222059e+00  2.249053e+00  7.957550e-02
    2.249053e+00  2.276721e+00  7.447666e-02
    2.276721e+00  2.305076e+00  6.993652e-02
    2.305076e+00  2.334146e+00  6.586361e-02
    2.334146e+00  2.363960e+00  6.038589e-02
    2.363960e+00  2.394549e+00  5.498598e-02
    2.394549e+00  2.425941e+00  5.179488e-02
    2.425941e+00  2.458166e+00  4.899203e-02
    2.458166e+00  2.491263e+00  4.480503e-02
    2.491263e+00  2.525272e+00  3.910958e-02
    2.525272e+00  2.560211e+00  3.335205e-02
    2.560211e+00  2.596150e+00  2.971461e-02
    2.596150e+00  2.633105e+00  2.747755e-02
    2.633105e+00  2.671126e+00  2.454388e-02
    2.671126e+00  2.710266e+00  2.192822e-02
    2.710266e+00  2.750576e+00  1.968945e-02
    2.750576e+00  2.792109e+00  1.776662e-02
    2.792109e+00  2.834917e+00  1.612153e-02
    2.834917e+00  2.879052e+00  1.427823e-02
    2.879052e+00  2.924597e+00  1.298461e-02
    2.924597e+00  2.971600e+00  1.168075e-02
    2.971600e+00  3.020142e+00  1.030650e-02
    3.020142e+00  3.070304e+00  9.295979e-03
    3.070304e+00  3.122167e+00  7.895649e-03
    3.122167e+00  3.175813e+00  6.289501e-03
    3.175813e+00  3.231333e+00  5.464636e-03
    3.231333e+00  3.288835e+00  4.904004e-03
    3.288835e+00  3.348426e+00  4.088726e-03
    3.348426e+00  3.410217e+00  3.134063e-03
    3.410217e+00  3.474344e+00  2.611420e-03
    3.474344e+00  3.540922e+00  2.443353e-03
    3.540922e+00  3.610109e+00  2.254386e-03
    3.610109e+00  3.682065e+00  1.882591e-03
    3.682065e+00  3.756948e+00  1.077598e-03
    3.756948e+00  3.834946e+00  7.093995e-04
    3.834946e+00  3.916253e+00  4.096705e-04
    3.916253e+00  4.001086e+00  0.000000e+00
    4.001086e+00  4.089683e+00  0.000000e+00
    4.089683e+00  4.182304e+00  0.000000e+00
    4.182304e+00  4.279216e+00  0.000000e+00
    4.279216e+00  4.380736e+00  0.000000e+00
    4.380736e+00  4.487199e+00  0.000000e+00
    4.487199e+00  4.598967e+00  0.000000e+00
    4.598967e+00  4.716457e+00  0.000000e+00
    4.716457e+00  4.840108e+00  0.000000e+00
    4.840108e+00  4.970431e+00  0.000000e+00
    4.970431e+00  5.107977e+00  0.000000e+00
    5.107977e+00  5.253359e+00  0.000000e+00
    5.253359e+00  5.407267e+00  0.000000e+00
    5.407267e+00  5.570472e+00  0.000000e+00
    5.570472e+00  5.743854e+00  0.000000e+00
    5.743854e+00  5.928381e+00  0.000000e+00
    5.928381e+00  6.125174e+00  0.000000e+00
    6.125174e+00  6.335491e+00  0.000000e+00
    6.335491e+00  6.560776e+00  0.000000e+00
    6.560776e+00  6.802694e+00  0.000000e+00
    6.802694e+00  7.063149e+00  0.000000e+00
    7.063149e+00  7.344360e+00  0.000000e+00
    7.344360e+00  7.648908e+00  0.000000e+00
    7.648908e+00  7.979827e+00  0.000000e+00
